804
386
963
364
838
555
254
391
314
949
822
788
944
440
735
923
528
848
697
639
369
926
767
482
929
962
330
741
445
283
254
488
428
813
438
330
926
704
631
862
997
636
640
637
587
617
776
641
525
959
732
624
543
545
938
474
952
750
791
653
880
756
294
301
983
756
830
830
987
671
859
854
735
291
914
957
840
677
558
666
268
300
593
802
297
722
270
626
512
534
837
518
657
990
603
966
956
592
433
819
309
803
842
505
456
711
458
700
654
594
882
499
797
615
782
791
954
536
698
341
517
890
901
856
660
761
604
461
741
886
328
632
312
565
628
374
871
845
328
694
567
750
622
643
716
325
684
755
396
352
636
256
767
548
687
839
335
986
858
951
689
664
437
986
520
863
836
882
483
618
453
992
535
783
569
493
477
592
343
860
329
484
357
463
293
468
653
325
973
659
455
898
793
256
863
976
842
545
534
339
818
981
951
810
268
989
493
936
907
351
907
345
689
681
287
872
530
327
638
885
652
958
854
439
280
612
273
591
515
632
927
939
964
806
870
314
305
902
997
792
634
511
685
616
565
290
802
605
860
529
375
450
687
582
605
602
282
847
635
906
988
300
649
743
458
481
397
824
516
415
255
465
535
526
899
921
642
906
932
943
629
808
483
372
265
897
986
910
987
878
278
539
558
488
988
737
519
616
503
553
617
681
846
634
473
548
321
473
979
853
319
641
364
679
718
1000
763
692
280
306
745
793
611
361
777
377
958
539
527
596
964
495
308
994
865
361
338
822
657
674
328
806
878
997
454
499
412
865
994
711
747
890
865
942
437
276
873
271
477
534
666
571
802
766
378
637
861
578
872
375
863
779
471
400
584
699
747
466
574
781
299
921
531
888
804
291
775
922
696
635
551
904
781
669
362
489
982
523
342
858
707
448
552
905
679
856
616
979
882
400
728
960
453
528
993
911
532
990
823
628
779
714
557
657
767
916
713
728
412
893
893
386
739
302
399
892
563
720
516
947
394
446
422
659
946
538
738
587
370
782
769
597
981
981
884
859
562
637
414
267
280
917
964
965
851
438
663
287
543
296
848
285
817
381
408
857
912
520
835
404
876
841
430
880
384
410
373
781
723
468
909
622
731
920
528
913
778
756
881
861
294
617
451
312
708
769
467
517
353
902
612
734
690
700
756
562
358
773
925
416
691
933
527
627
793
992
959
510
767
846
443
991
698
508
881
872
493
638
866
263
410
294
806
566
889
658
704
619
479
511
757
523
304
970
672
296
796
985
477
430
660
472
731
629
549
512
382
730
701
602
809
250
520
805
966
718
623
441
809
400
657
877
804
803
280
524
414
696
641
301
350
499
758
786
288
667
909
908
583
413
481
638
960
754
462
757
501
792
599
790
857
624
540
677
345
842
419
704
889
920
912
660
546
982
425
740
828
989
983
349
884
807
436
755
645
402
473
900
685
956
902
624
728
758
665
529
519
355
551
885
389
651
553
269
253
849
645
762
696
715
324
370
736
833
766
897
854
788
891
256
470
268
987
276
329
652
912
714
695
607
592
616
298
272
917
390
253
663
817
515
476
759
399
356
637
455
690
387
733
543
665
620
867
614
734
311
679
649
551
451
979
965
992
403
334
919
649
569
508
644
391
502
492
831
943
628
906
481
796
332
879
369
960
778
553
364
477
559
966
389
938
988
284
989
679
505
665
852
696
492
712
267
414
285
410
328
440
992
546
972
275
303
251
262
381
399
491
946
304
673
412
275
620
596
954
903
265
518
343
550
478
880
914
792
621
530
999
856
446
534
395
430
626
600
535
434
409
764
394
498
686
622
552
442
787
677
